{"id":"browInnerCtrlOut","name":"browInnerCtrlOut","metaData":{},"nodes":[{"id":"InnerLocalRot","data":{"name":"InnerLocalRot","type":"multMatrix","attributes":[{"isDynamic":false,"keyable":true,"isElement":true,"name":"matrixIn[1]","default":[1.0,0.0,0.0,0.0,0.0,1.0,0.0,0.0,0.0,0.0,1.0,0.0,0.0,0.0,0.0,1.0],"Type":14,"value":[-0.005307931521123521,-0.9987131471632194,-0.05043684710908211,0.0,0.9780267454098818,0.005327169590545459,-0.20841138770976014,0.0,0.2084118785624309,-0.050434818801017134,0.9767398926667156,0.0,0.7994115716387006,150.41317760274725,7.596141558253807,1.0]}]}},{"id":"InnerMidAim","data":{"name":"InnerMidAim","type":"aimMatrix","attributes":[{"isDynamic":false,"keyable":true,"name":"inputMatrix","default":[1.0,0.0,0.0,0.0,0.0,1.0,0.0,0.0,0.0,0.0,1.0,0.0,0.0,0.0,0.0,1.0],"Type":14,"value":[1.0,0.0,0.0,0.0,0.0,0.987307623513152,-0.1588195723228468,0.0,0.0,0.1588195723228468,0.987307623513152,0.0,0.7994115716387006,150.41317760274725,7.596141558253807,1.0]},{"isDynamic":false,"children":[{},{"name":"primaryMode","value":1},{},{}],"name":"primary","default":null,"Type":22,"value":[[1.0,0.0,0.0],1,[0.0,0.0,0.0],[1.0,0.0,0.0,0.0,0.0,1.0,0.0,0.0,0.0,0.0,1.0,0.0,0.0,0.0,0.0,1.0]]}]}},{"id":"upVectorWorld","data":{"name":"upVectorWorld","type":"multMatrix","attributes":[{"isDynamic":false,"keyable":true,"isElement":true,"name":"matrixIn[0]","default":[1.0,0.0,0.0,0.0,0.0,1.0,0.0,0.0,0.0,0.0,1.0,0.0,0.0,0.0,0.0,1.0],"Type":14,"value":[1.0,0.0,0.0,0.0,0.0,1.0,0.0,0.0,0.0,0.0,1.0,0.0,0.0,1.0,0.0,1.0]},{"isDynamic":false,"keyable":true,"isElement":true,"name":"matrixIn[1]","default":[1.0,0.0,0.0,0.0,0.0,1.0,0.0,0.0,0.0,0.0,1.0,0.0,0.0,0.0,0.0,1.0],"Type":14,"value":[1.0,0.0,0.0,0.0,0.0,0.987307623513152,-0.1588195723228468,0.0,0.0,0.1588195723228468,0.987307623513152,0.0,0.7994115716387006,150.41317760274725,7.596141558253807,1.0]}]}},{"id":"upVectorMat","data":{"name":"upVectorMat","type":"composeMatrix","attributes":[{"isDynamic":false,"children":[{},{"isDynamic":false,"isChild":true,"name":"inputTranslateY","default":0.0,"Type":9,"value":1.0},{}],"name":"inputTranslate","default":[0.0,0.0,0.0],"Type":30,"value":[0.0,1.0,0.0]}]}},{"id":"innerTotalLocal","data":{"name":"innerTotalLocal","type":"multMatrix","attributes":[{"isDynamic":false,"keyable":true,"isElement":true,"name":"matrixIn[1]","default":[1.0,0.0,0.0,0.0,0.0,1.0,0.0,0.0,0.0,0.0,1.0,0.0,0.0,0.0,0.0,1.0],"Type":14,"value":[1.0,0.0,0.0,0.0,0.0,1.0,0.0,0.0,0.0,0.0,1.0,0.0,-6.310887241768095e-30,1.072850831100576e-28,0.0,1.0]}]}},{"id":"innerRotLocal","data":{"name":"innerRotLocal","type":"decomposeMatrix","attributes":[{"isDynamic":false,"keyable":true,"name":"inputMatrix","default":[1.0,0.0,0.0,0.0,0.0,1.0,0.0,0.0,0.0,0.0,1.0,0.0,0.0,0.0,0.0,1.0],"Type":14,"value":[1.0,0.0,0.0,0.0,0.0,1.0,0.0,0.0,0.0,0.0,1.0,0.0,-6.310887241768095e-30,1.072850831100576e-28,0.0,1.0]}]}},{"id":"innerOutRotLocal","data":{"name":"innerOutRotLocal","type":"composeMatrix"}}],"connections":[{"sourcePlug":"outputMatrix","source":"innerOutRotLocal","destinationPlug":"matrixIn[0]","destination":"InnerLocalRot"},{"sourcePlug":"outputMatrix","source":"InnerMidAim","destinationPlug":"matrixIn[1]","destination":"InnerLocalRot"},{"sourcePlug":"matrixSum","source":"upVectorWorld","destinationPlug":"secondary.secondaryTargetMatrix","destination":"InnerMidAim"},{"sourcePlug":"outputMatrix","source":"upVectorMat","destinationPlug":"matrixIn[0]","destination":"upVectorWorld"},{"sourcePlug":"matrixSum","source":"innerTotalLocal","destinationPlug":"inputMatrix","destination":"innerRotLocal"},{"sourcePlug":"outputRotate.outputRotateY","source":"innerRotLocal","destinationPlug":"inputRotate.inputRotateY","destination":"innerOutRotLocal"},{"sourcePlug":"outputRotate.outputRotateZ","source":"innerRotLocal","destinationPlug":"inputRotate.inputRotateZ","destination":"innerOutRotLocal"}],"inputs":{"ctrlWorldInvMatrix":["InnerLocalRot:matrixIn[2]"],"midCtrlWorldMatrix":["InnerMidAim:primary.primaryTargetMatrix"],"aimVector":["InnerMidAim:primary.primaryInputAxis"],"upVector":["InnerMidAim:secondary.secondaryInputAxis","upVectorMat:inputTranslate"],"tweakerAimMode":["InnerMidAim:secondary.secondaryMode"],"ctrlWorldMatrix":["InnerMidAim:inputMatrix","upVectorWorld:matrixIn[1]"],"ctrlLocalMatrix":["innerTotalLocal:matrixIn[1]"],"primaryLocalMatrix":["innerTotalLocal:matrixIn[0]"]},"outputs":{"tweakerLocalMatrix":"InnerLocalRot:matrixSum"}}