{"id":"angleBetweenBlend","name":"angleBetweenBlend","metaData":{},"nodes":[{"id":"midPoint","data":{"name":"midPoint","type":"decomposeMatrix","attributes":[{"isDynamic":false,"keyable":true,"name":"inputMatrix","default":[1.0,0.0,0.0,0.0,0.0,1.0,0.0,0.0,0.0,0.0,1.0,0.0,0.0,0.0,0.0,1.0],"Type":14,"value":[6.6026904849037456e-18,-0.9963213522323804,-0.08569575885562987,0.0,-0.9999999999999998,-2.220446049250313e-16,-1.2325951644078308e-32,0.0,-4.110646455618716e-17,0.08569575885562984,-0.99632135223238,0.0,9.000000000000039,25.99999928290369,2.0014636996989164,1.0]}]}},{"id":"endMidDirVector","data":{"name":"endMidDirVector","type":"plusMinusAverage","attributes":[{"isDynamic":false,"name":"operation","default":1,"Type":12,"value":2,"enums":["No operation","Sum","Subtract","Average"]},{"isDynamic":false,"children":[{"isDynamic":false,"keyable":true,"isChild":true,"name":"input3D[0].input3Dx","default":0.0,"Type":5,"value":9.0},{"isDynamic":false,"keyable":true,"isChild":true,"name":"input3D[0].input3Dy","default":0.0,"Type":5,"value":10.0},{"isDynamic":false,"keyable":true,"isChild":true,"name":"input3D[0].input3Dz","default":0.0,"Type":5,"value":-1.999999761581421}],"keyable":true,"isElement":true,"name":"input3D[0]","default":[0.0,0.0,0.0],"Type":31,"value":[9.0,10.0,-1.999999761581421]},{"isDynamic":false,"children":[{"isDynamic":false,"keyable":true,"isChild":true,"name":"input3D[1].input3Dx","default":0.0,"Type":5,"value":9.0},{"isDynamic":false,"keyable":true,"isChild":true,"name":"input3D[1].input3Dy","default":0.0,"Type":5,"value":26.0},{"isDynamic":false,"keyable":true,"isChild":true,"name":"input3D[1].input3Dz","default":0.0,"Type":5,"value":2.0014636516571045}],"keyable":true,"isElement":true,"name":"input3D[1]","default":[0.0,0.0,0.0],"Type":31,"value":[9.0,26.0,2.0014636516571045]}]}},{"id":"endPoint","data":{"name":"endPoint","type":"decomposeMatrix","attributes":[{"isDynamic":false,"keyable":true,"name":"inputMatrix","default":[1.0,0.0,0.0,0.0,0.0,1.0,0.0,0.0,0.0,0.0,1.0,0.0,0.0,0.0,0.0,1.0],"Type":14,"value":[2.2204460492503128e-16,-0.9701425001453299,0.24253562503634085,0.0,-0.9999999999999998,-6.661338147750935e-16,1.1102230246251564e-16,0.0,0.0,-0.24253562503634082,-0.9701425001453298,0.0,8.999999999999957,9.999999941994455,-1.9999997823922242,1.0]}]}},{"id":"angleValue","data":{"name":"angleValue","type":"angleBetween","attributes":[{"isDynamic":false,"children":[{},{"isDynamic":false,"isChild":true,"name":"vector1Y","default":1.0,"Type":9,"value":-17.325088500976562},{"isDynamic":false,"isChild":true,"name":"vector1Z","default":0.0,"Type":9,"value":1.2750437259674072}],"name":"vector1","default":[0.0,1.0,0.0],"Type":30,"value":[0.0,-17.325088500976562,1.2750437259674072]},{"isDynamic":false,"children":[{},{"isDynamic":false,"isChild":true,"name":"vector2Y","default":0.0,"Type":9,"value":-16.0},{"isDynamic":false,"isChild":true,"name":"vector2Z","default":1.0,"Type":9,"value":-4.001463413238525}],"name":"vector2","default":[0.0,0.0,1.0],"Type":30,"value":[0.0,-16.0,-4.001463413238525]}]}},{"id":"startMidDirVector","data":{"name":"startMidDirVector","type":"plusMinusAverage","attributes":[{"isDynamic":false,"name":"operation","default":1,"Type":12,"value":2,"enums":["No operation","Sum","Subtract","Average"]},{"isDynamic":false,"children":[{"isDynamic":false,"keyable":true,"isChild":true,"name":"input3D[0].input3Dx","default":0.0,"Type":5,"value":9.0},{"isDynamic":false,"keyable":true,"isChild":true,"name":"input3D[0].input3Dy","default":0.0,"Type":5,"value":26.0},{"isDynamic":false,"keyable":true,"isChild":true,"name":"input3D[0].input3Dz","default":0.0,"Type":5,"value":2.0014636516571045}],"keyable":true,"isElement":true,"name":"input3D[0]","default":[0.0,0.0,0.0],"Type":31,"value":[9.0,26.0,2.0014636516571045]},{"isDynamic":false,"children":[{"isDynamic":false,"keyable":true,"isChild":true,"name":"input3D[1].input3Dx","default":0.0,"Type":5,"value":9.0},{"isDynamic":false,"keyable":true,"isChild":true,"name":"input3D[1].input3Dy","default":0.0,"Type":5,"value":43.32508850097656},{"isDynamic":false,"keyable":true,"isChild":true,"name":"input3D[1].input3Dz","default":0.0,"Type":5,"value":0.7264198660850525}],"keyable":true,"isElement":true,"name":"input3D[1]","default":[0.0,0.0,0.0],"Type":31,"value":[9.0,43.32508850097656,0.7264198660850525]}]}},{"id":"angleClamp","data":{"name":"angleClamp","type":"remapValue","attributes":[{"isDynamic":false,"keyable":true,"name":"inputValue","default":0.0,"Type":5,"value":18.250282287597656},{"isDynamic":false,"keyable":true,"name":"inputMin","default":0.0,"Type":5,"value":10.0},{"isDynamic":false,"keyable":true,"name":"inputMax","default":1.0,"Type":5,"value":120.0},{"isDynamic":false,"children":[{},{},{"isDynamic":false,"keyable":true,"isChild":true,"name":"value[0].value_Interp","default":0,"Type":12,"value":1,"enums":["None","Linear","Smooth","Spline"]}],"keyable":true,"isElement":true,"name":"value[0]","default":null,"Type":22,"value":[0.0,0.0,1]},{"isDynamic":false,"children":[{"isDynamic":false,"keyable":true,"isChild":true,"name":"value[1].value_Position","default":0.0,"Type":5,"value":1.0},{"isDynamic":false,"keyable":true,"isChild":true,"name":"value[1].value_FloatValue","default":0.0,"Type":5,"value":1.0},{"isDynamic":false,"keyable":true,"isChild":true,"name":"value[1].value_Interp","default":0,"Type":12,"value":1,"enums":["None","Linear","Smooth","Spline"]}],"keyable":true,"isElement":true,"name":"value[1]","default":null,"Type":22,"value":[1.0,1.0,1]},{"isDynamic":false,"children":[{},{},{"isDynamic":false,"keyable":true,"isChild":true,"name":"color[0].color_Interp","default":0,"Type":12,"value":1,"enums":["None","Linear","Smooth","Spline"]}],"keyable":true,"isElement":true,"name":"color[0]","default":null,"Type":22,"value":[0.0,[0.0,0.0,0.0],1]},{"isDynamic":false,"children":[{"isDynamic":false,"keyable":true,"isChild":true,"name":"color[1].color_Position","default":0.0,"Type":5,"value":1.0},{"isDynamic":false,"children":[{"isDynamic":false,"keyable":true,"isChild":true,"name":"color[1].color_ColorR","default":0.0,"Type":5,"value":1.0},{"isDynamic":false,"keyable":true,"isChild":true,"name":"color[1].color_ColorG","default":0.0,"Type":5,"value":1.0},{"isDynamic":false,"keyable":true,"isChild":true,"name":"color[1].color_ColorB","default":0.0,"Type":5,"value":1.0}],"keyable":true,"isChild":true,"name":"color[1].color_Color","default":[0.0,0.0,0.0],"Type":31,"value":[1.0,1.0,1.0]},{"isDynamic":false,"keyable":true,"isChild":true,"name":"color[1].color_Interp","default":0,"Type":12,"value":1,"enums":["None","Linear","Smooth","Spline"]}],"keyable":true,"isElement":true,"name":"color[1]","default":null,"Type":22,"value":[1.0,[1.0,1.0,1.0],1]}]}},{"id":"startPoint","data":{"name":"startPoint","type":"decomposeMatrix","attributes":[{"isDynamic":false,"keyable":true,"name":"inputMatrix","default":[1.0,0.0,0.0,0.0,0.0,1.0,0.0,0.0,0.0,0.0,1.0,0.0,0.0,0.0,0.0,1.0],"Type":14,"value":[6.661338147750939e-16,-0.9973028229733698,0.07339672533122799,0.0,-1.0000000000000004,-8.881784197001254e-16,1.179611963664229e-16,0.0,-6.245004513516506e-17,-0.07339672533122799,-0.9973028229733698,0.0,9.000000000000002,43.32508850097621,0.7264198660850566,1.0]}]}},{"id":"angleBlend","data":{"name":"angleBlend","type":"multDL","attributes":[{"name":"input2","default":0.0,"value":0.07500256597995758}]}}],"connections":[{"sourcePlug":"outputTranslate","source":"endPoint","destinationPlug":"input3D[0]","destination":"endMidDirVector"},{"sourcePlug":"outputTranslate","source":"midPoint","destinationPlug":"input3D[1]","destination":"endMidDirVector"},{"sourcePlug":"output3D","source":"endMidDirVector","destinationPlug":"vector2","destination":"angleValue"},{"sourcePlug":"output3D","source":"startMidDirVector","destinationPlug":"vector1","destination":"angleValue"},{"sourcePlug":"outputTranslate","source":"midPoint","destinationPlug":"input3D[0]","destination":"startMidDirVector"},{"sourcePlug":"outputTranslate","source":"startPoint","destinationPlug":"input3D[1]","destination":"startMidDirVector"},{"sourcePlug":"axisAngle.angle","source":"angleValue","destinationPlug":"inputValue","destination":"angleClamp"},{"sourcePlug":"outValue","source":"angleClamp","destinationPlug":"input2","destination":"angleBlend"}],"inputs":{"startMtx":["startPoint:inputMatrix"],"midMtx":["midPoint:inputMatrix"],"endMtx":["endPoint:inputMatrix"],"maxAngle":["angleClamp:inputMax"],"blender":["angleBlend:input1"]},"outputs":{"outputAngle":"angleBlend:output"}}