{"id":"bendySegmentEndTangentRot","name":"bendySegmentEndTangentRot","metaData":{"version":"1.0.0"},"nodes":[{"id":"startTangentAim","data":{"name":"startTangentAim_aimMatrix1","type":"aimMatrix","attributes":[{"children":[{},{},{},{"name":"primaryTargetMatrix","Type":14,"value":[0.7405579391662096,0.0,0.6719925139001897,0.0,0.0,1.0,0.0,0.0,-0.6719925139001897,0.0,0.7405579391662096,0.0,37.596541895535324,-6.962633364449088e-14,7.706647310845398,1.0]}],"name":"primary","Type":22,"value":[[1.0,0.0,0.0],1,[0.0,0.0,0.0],[0.7405579391662096,0.0,0.6719925139001897,0.0,0.0,1.0,0.0,0.0,-0.6719925139001897,0.0,0.7405579391662096,0.0,37.596541895535324,-6.962633364449088e-14,7.706647310845398,1.0]]},{"children":[{"children":[{},{"name":"secondaryInputAxisY","Type":6,"value":-1.0},{}],"name":"secondaryInputAxis","Type":30,"value":[0.0,-1.0,0.0]},{"name":"secondaryMode","Type":12,"value":1},{},{"name":"secondaryTargetMatrix","Type":14,"value":[0.7405579391662095,0.0,0.6719925139001895,0.0,0.0,1.0,0.0,0.0,-0.6719925139001895,0.0,0.7405579391662095,0.0,28.963499488666084,-1.1088403827906772e-13,-0.12709474062830906,1.0]}],"keyable":true,"name":"secondary","Type":22,"value":[[0.0,-1.0,0.0],1,[0.0,0.0,0.0],[0.7405579391662095,0.0,0.6719925139001895,0.0,0.0,1.0,0.0,0.0,-0.6719925139001895,0.0,0.7405579391662095,0.0,28.963499488666084,-1.1088403827906772e-13,-0.12709474062830906,1.0]]}]}},{"id":"tangentNoTranslate","data":{"name":"arm_L_tangentNoTranslate_pick1","type":"pickMatrix","attributes":[{"keyable":true,"name":"inputMatrix","Type":14,"value":[0.9796307156466023,-1.4710455076283324e-15,0.20080752217415987,0.0,-0.20080752217415987,1.021405182655144e-14,0.9796307156466022,0.0,-3.469446951953614e-15,-0.9999999999999998,9.658940314238862e-15,0.0,0.0,0.0,0.0,1.0]},{"name":"useTranslate","Type":0,"value":false}]}},{"id":"tangentWorldPosMatrix","data":{"name":"arm_L_tangentWorldPosMatrix_blend1","type":"blendMatrix","attributes":[{"children":[{"name":"target[0].targetMatrix","Type":14,"value":[0.7405579391662096,0.0,0.6719925139001897,0.0,0.0,1.0,0.0,0.0,-0.6719925139001897,0.0,0.7405579391662096,0.0,37.596541895535324,-6.962633364449088e-14,7.706647310845398,1.0]},{},{},{},{},{},{}],"keyable":true,"name":"target[0]","Type":22,"value":[[0.7405579391662096,0.0,0.6719925139001897,0.0,0.0,1.0,0.0,0.0,-0.6719925139001897,0.0,0.7405579391662096,0.0,37.596541895535324,-6.962633364449088e-14,7.706647310845398,1.0],true,1.0,1.0,1.0,1.0,1.0]}]}},{"id":"tangentLocalMatrix","data":{"name":"arm_L_tangentLocalMatrix_matMult1","type":"multMatrix","attributes":[{"keyable":true,"name":"matrixIn[0]","Type":14,"value":[1e-12,0.0,0.0,0.0,0.0,1e-12,0.0,0.0,0.0,0.0,1e-12,0.0,0.0,0.0,0.0,1.0]},{"keyable":true,"name":"matrixIn[1]","Type":14,"value":[0.9796307156466022,-2.7755575615628914e-17,0.20080752217415995,0.0,-0.20080752217415992,9.325873406851313e-15,0.9796307156466024,0.0,-1.915134717478395e-15,-1.0,9.103828801926282e-15,0.0,0.0,0.0,0.0,1.0]},{"keyable":true,"name":"matrixIn[2]","Type":14,"value":[0.7405579391662096,0.0,0.6719925139001897,0.0,0.0,1.0,0.0,0.0,-0.6719925139001897,0.0,0.7405579391662096,0.0,37.596541895535324,-6.962633364449088e-14,7.706647310845398,1.0]}]}},{"id":"pickMatrix","data":{"name":"arm_L_pickMatrix_pick1","type":"pickMatrix","attributes":[{"name":"useScale","Type":0,"value":false},{"name":"useShear","Type":0,"value":false},{"name":"useRotate","Type":0,"value":false}]}},{"id":"tangentDistance","data":{"name":"tangentDist","type":"multDoubleLinear","attributes":[{"name":"input1","Type":9,"value":0.5}]}},{"id":"localOffset","data":{"name":"localOffset","type":"composeMatrix","attributes":[{"children":[{"name":"inputScaleX","Type":6,"value":0.0},{"name":"inputScaleY","Type":6,"value":0.0},{"name":"inputScaleZ","Type":6,"value":0.0}],"name":"inputScale","Type":30,"value":[0.0,0.0,0.0]}]}},{"id":"pickMatrix1","data":{"name":"pickMatrix1","type":"pickMatrix","attributes":[{"name":"useScale","Type":0,"value":false},{"name":"useShear","Type":0,"value":false}]}}],"connections":[{"sourcePlug":"outputMatrix","source":"pickMatrix1","destinationPlug":"inputMatrix","destination":"startTangentAim"},{"sourcePlug":"outputMatrix","source":"startTangentAim","destinationPlug":"inputMatrix","destination":"tangentNoTranslate"},{"sourcePlug":"outputMatrix","source":"pickMatrix","destinationPlug":"inputMatrix","destination":"tangentWorldPosMatrix"},{"sourcePlug":"outputMatrix","source":"localOffset","destinationPlug":"matrixIn[0]","destination":"tangentLocalMatrix"},{"sourcePlug":"outputMatrix","source":"tangentNoTranslate","destinationPlug":"matrixIn[1]","destination":"tangentLocalMatrix"},{"sourcePlug":"outputMatrix","source":"tangentWorldPosMatrix","destinationPlug":"matrixIn[2]","destination":"tangentLocalMatrix"},{"sourcePlug":"outputMatrix","source":"pickMatrix1","destinationPlug":"inputMatrix","destination":"pickMatrix"},{"sourcePlug":"output","source":"tangentDistance","destinationPlug":"inputTranslate.inputTranslateX","destination":"localOffset"}],"inputs":{"upVectorMtx":["startTangentAim:secondary.secondaryTargetMatrix"],"segmentAutoMidTargetWorldMtx":["startTangentAim:primary.primaryTargetMatrix","tangentWorldPosMatrix:target[0].targetMatrix"],"aimVector":["startTangentAim:primary.primaryInputAxis"],"upVector":["startTangentAim:secondary.secondaryInputAxis"],"tangentDistanceOffsetFraction":["tangentWorldPosMatrix:target[0].weight"],"blendWeightsDummy":["tangentWorldPosMatrix:target[0].useShear","tangentWorldPosMatrix:target[0].useRotate","tangentWorldPosMatrix:target[0].useScale"],"tangentDistance":["tangentDistance:input2"],"tangentDistanceHalf":["tangentDistance:input1"],"scale":["localOffset:inputScale"],"driverTransRotateMtx":["pickMatrix1:inputMatrix"]},"outputs":{"tangentLocalOffsetMtx":"tangentLocalMatrix:matrixSum"}}