{"id":"midSegmentPointRoundnessPre2023","name":"midSegmentPointRoundness","metaData":{},"nodes":[{"id":"midSegmentRoundness","data":{"name":"midSegmentRoundness","type":"blendMatrix"}},{"id":"midSegmentRotation","data":{"name":"midSegmentRotation","type":"aimMatrix","attributes":[{"children":[{"children":[{"name":"primaryInputAxisX","Type":6,"value":0.0},{},{}],"keyable":true,"name":"primaryInputAxis","Type":30,"value":[0.0,0.0,0.0]},{},{},{}],"name":"primary","Type":22,"value":[[0.0,0.0,0.0],1,[0.0,0.0,0.0],[1.0,0.0,0.0,0.0,0.0,1.0,0.0,0.0,0.0,0.0,1.0,0.0,0.0,0.0,0.0,1.0]]},{"children":[{"children":[{},{"name":"secondaryInputAxisY","Type":6,"value":0.0},{}],"name":"secondaryInputAxis","Type":30,"value":[0.0,0.0,0.0]},{"name":"secondaryMode","Type":12,"value":1},{},{"name":"secondaryTargetMatrix","Type":14,"value":[0.01685416198146672,-0.9927199543291944,-0.11926034336922443,0.0,-0.999819439709963,-0.01778016907039314,0.006704742044547648,0.0,-0.008776400284750303,0.119125806878573,-0.9928403783758857,0.0,-0.5922784361307301,22.156388697961937,5.658822444451781,1.0]}],"keyable":true,"name":"secondary","Type":22,"value":[[0.0,0.0,0.0],1,[0.0,0.0,0.0],[0.01685416198146672,-0.9927199543291944,-0.11926034336922443,0.0,-0.999819439709963,-0.01778016907039314,0.006704742044547648,0.0,-0.008776400284750303,0.119125806878573,-0.9928403783758857,0.0,-0.5922784361307301,22.156388697961937,5.658822444451781,1.0]]}]}},{"id":"midSegmentPosTargetOffset","data":{"name":"midSegmentPosTargetOffset","type":"multMatrix"}},{"id":"midSegmentPosition","data":{"name":"midSegmentPosition","type":"blendMatrix","attributes":[{"keyable":true,"name":"inputMatrix","Type":14,"value":[0.005662408250367123,-0.7148280820188454,0.6992773057164553,0.0,0.0009144864972414615,0.6992919256303742,0.7148356219877475,0.0,-0.9999835502883299,-0.0034082114696945575,0.004613376997959717,0.0,9.633310314464474,6.022795992190158,-3.7547547955052902,1.0]}]}},{"id":"noScale","data":{"name":"noScale","type":"pickMatrix","attributes":[{"name":"useScale","Type":0,"value":false},{"name":"useShear","Type":0,"value":false}]}}],"connections":[{"sourcePlug":"outputMatrix","source":"midSegmentRotation","destinationPlug":"inputMatrix","destination":"midSegmentRoundness"},{"sourcePlug":"matrixSum","source":"midSegmentPosTargetOffset","destinationPlug":"target[0].targetMatrix","destination":"midSegmentRoundness"},{"sourcePlug":"outputMatrix","source":"midSegmentPosition","destinationPlug":"inputMatrix","destination":"midSegmentRotation"},{"sourcePlug":"outputMatrix","source":"noScale","destinationPlug":"primary.primaryTargetMatrix","destination":"midSegmentRotation"},{"sourcePlug":"outputMatrix","source":"midSegmentRotation","destinationPlug":"matrixIn[1]","destination":"midSegmentPosTargetOffset"},{"sourcePlug":"outputMatrix","source":"noScale","destinationPlug":"target[0].targetMatrix","destination":"midSegmentPosition"}],"inputs":{"offsetBlend":["midSegmentRoundness:target[0].weight"],"upVectorMtx":["midSegmentRotation:secondary.secondaryTargetMatrix"],"aimVector":["midSegmentRotation:primary.primaryInputAxis"],"upVector":["midSegmentRotation:secondary.secondaryInputAxis"],"roundnessLocalOffset":["midSegmentPosTargetOffset:matrixIn[0]"],"blendWeightsDummy":["midSegmentPosition:target[0].useRotate"],"startWorldMatrix":["midSegmentPosition:inputMatrix"],"positionBlend":["midSegmentPosition:target[0].weight"],"scaleBlendWeight":["midSegmentPosition:target[0].useScale","midSegmentPosition:target[0].useShear"],"endWorldMatrix":["noScale:inputMatrix"]},"outputs":{"outputRoundnessMtx":"midSegmentRoundness:outputMatrix","outputNoRoundnessMtx":"midSegmentRotation:outputMatrix"}}