{"id":"primaryMidBendyRoundness","name":"primaryMidBendyRoundness","metaData":{"version":"1.0.0"},"nodes":[{"id":"chainMidPoint","data":{"name":"chainMidPoint","type":"blendMatrix","attributes":[{"isDynamic":false,"keyable":true,"name":"inputMatrix","default":[1,0,0,0,0,1,0,0,0,0,1,0,0,0,0,1],"Type":14,"value":[0.9999903724269408,0,-0.004388058047506148,0,0,1,0,0,0.0043880580475061486,0,0.999990372426941,0,0,0,0,1]}]}},{"id":"endDecomp","data":{"name":"endDecomp","type":"decomposeMatrix"}},{"id":"roundnessMidPoint","data":{"name":"roundnessMidPoint","type":"blendMatrix","attributes":[{"isDynamic":false,"children":[{},{},{"isDynamic":false,"isChild":true,"name":"target[0].weight","default":1,"Type":6,"value":0},{},{},{},{}],"keyable":true,"isElement":true,"name":"target[0]","default":null,"Type":22,"value":[[1,0,0,0,0,1,0,0,0,0,1,0,0,0,0,1],true,0,1,1,1,1]}]}},{"id":"roundnessMult","data":{"name":"roundnessMult","type":"multDoubleLinear","attributes":[{"isDynamic":false,"name":"input2","default":0,"Type":9,"value":0.025}]}},{"id":"roundnessMidTranslateTotal","data":{"name":"roundnessMidTranslateTotal","type":"blendTwoAttr","attributes":[{"isDynamic":false,"keyable":true,"name":"attributesBlender","default":0,"Type":5,"value":1}]}},{"id":"worldTranslation","data":{"name":"worldTranslation","type":"pickMatrix","attributes":[{"isDynamic":false,"name":"useScale","default":true,"Type":0,"value":false},{"isDynamic":false,"name":"useShear","default":true,"Type":0,"value":false},{"isDynamic":false,"name":"useRotate","default":true,"Type":0,"value":false}]}},{"id":"startMidDirVector","data":{"name":"startMidDirVector","type":"plusMinusAverage","attributes":[{"isDynamic":false,"name":"isHistoricallyInteresting","default":2,"Type":4,"value":false},{"isDynamic":false,"name":"operation","default":1,"Type":12,"value":2,"enums":["No operation","Sum","Subtract","Average"]}]}},{"id":"midAngle","data":{"name":"midAngle","type":"angleBetween","attributes":[{"isDynamic":false,"name":"isHistoricallyInteresting","default":2,"Type":4,"value":false},{"isDynamic":false,"children":[{},{"isDynamic":false,"isChild":true,"name":"vector1Y","default":1,"Type":9,"value":0},{}],"name":"vector1","default":[0,1,0],"Type":30,"value":[0,0,0]},{"isDynamic":false,"children":[{},{},{"isDynamic":false,"isChild":true,"name":"vector2Z","default":1,"Type":9,"value":0}],"name":"vector2","default":[0,0,1],"Type":30,"value":[0,0,0]}]}},{"id":"bendyLocalOutput","data":{"name":"bendyLocalOutput","type":"multMatrix","attributes":[{"isDynamic":false,"keyable":true,"isElement":true,"name":"matrixIn[0]","default":[1,0,0,0,0,1,0,0,0,0,1,0,0,0,0,1],"Type":14,"value":[-2.162625634127835e-11,0.11707378347917213,-0.9931232195563006,0,-1,-1.8472312568462712e-10,0,0,-1.8345291952215348e-10,0.9931232195563006,0.11707378347917219,0,0,0,0,1]}]}},{"id":"startDecomp","data":{"name":"startDecomp","type":"decomposeMatrix","attributes":[{"isDynamic":false,"keyable":true,"name":"inputMatrix","default":[1,0,0,0,0,1,0,0,0,0,1,0,0,0,0,1],"Type":14,"value":[0.9999903724269408,0,-0.004388058047506148,0,0,1,0,0,0.0043880580475061486,0,0.999990372426941,0,0,0,0,1]}]}},{"id":"roundAngleRotHalf","data":{"name":"roundAngleRotHalf","type":"multDoubleLinear","attributes":[{"isDynamic":false,"name":"isHistoricallyInteresting","default":2,"Type":4,"value":false},{"isDynamic":false,"name":"input2","default":0,"Type":9,"value":0.5}]}},{"id":"midEndDirVector","data":{"name":"midEndDirVector","type":"plusMinusAverage","attributes":[{"isDynamic":false,"name":"isHistoricallyInteresting","default":2,"Type":4,"value":false},{"isDynamic":false,"name":"operation","default":1,"Type":12,"value":2,"enums":["No operation","Sum","Subtract","Average"]}]}},{"id":"midDecomp","data":{"name":"midDecomp","type":"decomposeMatrix"}},{"id":"worldRotation","data":{"name":"worldRotation","type":"pickMatrix","attributes":[{"isDynamic":false,"keyable":true,"name":"inputMatrix","default":[1,0,0,0,0,1,0,0,0,0,1,0,0,0,0,1],"Type":14,"value":[-2.1626239893593116e-11,0.11707378347917176,-0.9931232195563006,0,-0.9999999999999999,-1.8472334772923205e-10,-1.3877787807814455e-17,0,-1.8345316276174564e-10,0.9931232195563007,0.11707378347917177,0,9.000000063445784,23.06040763854991,0.7264190437923772,1]},{"isDynamic":false,"name":"useScale","default":true,"Type":0,"value":false},{"isDynamic":false,"name":"useTranslate","default":true,"Type":0,"value":false},{"isDynamic":false,"name":"useShear","default":true,"Type":0,"value":false}]}},{"id":"localOutputNoScale","data":{"name":"localOutputNoScale","type":"pickMatrix","attributes":[{"isDynamic":false,"keyable":true,"name":"inputMatrix","default":[1,0,0,0,0,1,0,0,0,0,1,0,0,0,0,1],"Type":14,"value":[-2.162625634127835e-11,0.11707378347917213,-0.9931232195563006,0,-1,-1.8472312568462712e-10,0,0,-1.8345291952215348e-10,0.9931232195563006,0.11707378347917219,0,0,0,0,1]},{"isDynamic":false,"name":"useScale","default":true,"Type":0,"value":false},{"isDynamic":false,"name":"useShear","default":true,"Type":0,"value":false}]}}],"connections":[{"sourcePlug":"outputMatrix","source":"chainMidPoint","destinationPlug":"target[0].targetMatrix","destination":"roundnessMidPoint"},{"sourcePlug":"output","source":"roundnessMidTranslateTotal","destinationPlug":"target[0].weight","destination":"roundnessMidPoint"},{"sourcePlug":"output","source":"roundnessMult","destinationPlug":"input[1]","destination":"roundnessMidTranslateTotal"},{"sourcePlug":"outputMatrix","source":"roundnessMidPoint","destinationPlug":"inputMatrix","destination":"worldTranslation"},{"sourcePlug":"outputTranslate","source":"midDecomp","destinationPlug":"input3D[0]","destination":"startMidDirVector"},{"sourcePlug":"outputTranslate","source":"startDecomp","destinationPlug":"input3D[1]","destination":"startMidDirVector"},{"sourcePlug":"output3D","source":"startMidDirVector","destinationPlug":"vector1","destination":"midAngle"},{"sourcePlug":"output3D","source":"midEndDirVector","destinationPlug":"vector2","destination":"midAngle"},{"sourcePlug":"outputMatrix","source":"worldRotation","destinationPlug":"matrixIn[0]","destination":"bendyLocalOutput"},{"sourcePlug":"outputMatrix","source":"worldTranslation","destinationPlug":"matrixIn[1]","destination":"bendyLocalOutput"},{"sourcePlug":"axisAngle.angle","source":"midAngle","destinationPlug":"input1","destination":"roundAngleRotHalf"},{"sourcePlug":"outputTranslate","source":"endDecomp","destinationPlug":"input3D[0]","destination":"midEndDirVector"},{"sourcePlug":"outputTranslate","source":"midDecomp","destinationPlug":"input3D[1]","destination":"midEndDirVector"},{"sourcePlug":"matrixSum","source":"bendyLocalOutput","destinationPlug":"inputMatrix","destination":"localOutputNoScale"}],"inputs":{"primaryEndSrtWorldMtx":["chainMidPoint:target[0].targetMatrix","endDecomp:inputMatrix"],"primaryStartSrtWorldMtx":["chainMidPoint:inputMatrix","startDecomp:inputMatrix"],"blendTranslate":["chainMidPoint:target[0].translateWeight","roundnessMidPoint:target[0].translateWeight"],"blendRotate":["chainMidPoint:target[0].rotateWeight","roundnessMidPoint:target[0].rotateWeight"],"blendScale":["chainMidPoint:target[0].scaleWeight","chainMidPoint:target[0].shearWeight","roundnessMidPoint:target[0].scaleWeight","roundnessMidPoint:target[0].shearWeight"],"chainMidPointWeight":["chainMidPoint:target[0].weight"],"primaryMidSrtWorldMtx":["roundnessMidPoint:inputMatrix","midDecomp:inputMatrix"],"roundnessAuto":["roundnessMult:input1"],"roundAngleTranslateFraction":["roundnessMult:input2"],"roundnessMaintainLength":["roundnessMidTranslateTotal:attributesBlender"],"roundnessMaintainLengthWeight":["roundnessMidTranslateTotal:input[0]"],"parentWorldInverseMtx":["bendyLocalOutput:matrixIn[2]"],"roundAngleRotHalf":["roundAngleRotHalf:input2"],"parentWorldMtx":["worldRotation:inputMatrix"]},"outputs":{"primaryEndSrtWorldScale":"endDecomp:outputScale","primaryStartSrtWorldScale":"startDecomp:outputScale","segmentAngleHalf":"roundAngleRotHalf:output","primaryMidSrtWorldScale":"midDecomp:outputScale","bendyCtrlLocalOffset":"localOutputNoScale:outputMatrix"}}